1.900782724665936105e-02
2.223694652518616241e-02
-1.978193341122321414e-04
-3.075755530726182949e-03
-5.742631910798066952e-03
5.442422564389742606e-06
2.392452139411881335e-04
-9.627362120980448084e-05
5.712565769506207630e-04
-2.768624654324031865e-08
-1.221089028135549301e-05
3.685976114116862757e-05
-7.571346651034292731e-07
-2.244954320578389668e-05
5.465858717123981590e-11
3.799260787101633304e-07
-3.326983890833657324e-06
2.033595416149383544e-08
2.805707977798175821e-09
2.928219348801771069e-07
-4.151082433215035863e-14
-4.435777328627153625e-09
7.170124041253132818e-08
3.068682456315960884e-09
-2.091393342761465229e-10
-1.679999638643316737e-13
