7.627154567775992766e-02
-4.023725869559291457e-02
2.376063861726938539e-04
-3.574830393637086663e-03
1.194158436018566763e-02
-2.898817206123626195e-05
3.216174334722906214e-04
7.373944552231726825e-04
-1.465078832817098354e-03
3.390265750501150774e-07
-1.653303938604139056e-05
-2.397106819388409476e-04
7.121024676207360048e-07
8.446379195390212318e-05
-1.702096769811226248e-09
4.414334499696836560e-07
2.596395331059721601e-05
7.444020767380910986e-07
-3.164680363312797706e-08
-2.257342863456578418e-06
4.123317800952766851e-12
-3.896423501038782463e-09
-1.110388672630585727e-06
-7.612064124665896402e-08
3.460773321759001575e-10
1.094331712833354084e-10
2.235266103836148642e-08
-3.933610958931882591e-15
-1.208912222042369451e-11
1.586664371322620075e-08
1.916152698014687821e-09
4.013367248240643545e-11
-2.091073689643951177e-12
-1.160071919997804853e-13
