7.627245316569174205e-02
-1.117556042438734965e-05
2.372235782652555060e-04
-9.932770913173939328e-07
9.213120153927131747e-10
-2.897447118911207828e-05
2.483241474694971285e-11
2.048039233631151074e-07
-3.139850543226848936e-14
3.388454922870230954e-07
-3.547539350328793551e-16
-1.849430426152291401e-11
1.979396889813338279e-10
5.028319487613075303e-19
-1.700928500778174479e-09
2.632359402887012865e-21
5.564458826197205399e-16
5.743195450203889573e-14
-8.791280347368572346e-12
-3.732976593631910452e-24
4.119640014146281281e-12
-6.462831980477734338e-27
-6.610385628987309580e-21
-1.631386537751762037e-18
2.670764785483803400e-17
3.040027246761647098e-14
1.026817781627861999e-29
-3.929111267920459539e-15
-5.525711662209033766e-33
2.623820144373433037e-26
1.140746177481603963e-23
8.600856317356497864e-22
-1.613397120222877604e-19
-3.222835453728692674e-17
