1.901793665277802872e-02
6.175943371192469091e-06
-1.981593681574161448e-04
-8.543828331877053710e-07
-4.430633337162827286e-10
5.446882062706825955e-06
1.846080456387081807e-11
-2.672336512733551946e-08
1.224313381476174815e-14
-2.771415166795075111e-08
-2.617357096217345128e-16
2.843682378335922489e-12
-2.104694588591718568e-10
-1.336503033896480125e-19
5.474118968629603573e-11
2.262120606921343941e-21
-7.130293214085002955e-17
1.570614920661742082e-15
7.799468528214064637e-13
4.842450682189720520e-25
-4.160351715876901583e-14
-7.336412798911820543e-27
4.268627189936061731e-22
6.576310199422058470e-20
-1.613895255677063337e-17
-4.751092431858810739e-17
