-8.471083503297045791e-02
2.409965219384774314e-05
5.137440861836427806e-03
-9.555034568992508769e-07
-1.765719097215073234e-09
-7.642983319134418873e-05
1.915793476778988914e-11
-7.119915506431161934e-07
5.826516891990095013e-14
7.375357325625863148e-07
1.003683825010246007e-17
4.558173546565402899e-11
4.923225391882950628e-09
-9.109558319832836593e-19
-4.335555039539299792e-09
-4.741939916409818837e-21
-1.279224399516835223e-15
-2.283328869833885977e-13
-1.568905030926011313e-11
6.537808618735386735e-24
1.298565391963052462e-11
5.019697104790533133e-26
1.490738451965209570e-20
4.965304969176526563e-18
2.842485323962736184e-16
3.942955147548685818e-14
-1.717482198642727860e-29
-1.497776896857916271e-14
-1.519296392836051315e-31
-5.882020255752732875e-26
-3.129929838610543291e-23
-4.864684838017316701e-21
1.260303524518072221e-19
-6.405156212755362435e-17
